0 0.81875 0.48125 0.8234375 0.4859375 0.821875 0.490625 0.81875 0.4921875 0.8109375 0.4890625 0.8109375 0.4828125 0.8171875 0.48125
0 0.0328125 0.4140625 0.0375 0.4140625 0.0390625 0.4171875 0.0390625 0.421875 0.034375 0.425 0.03125 0.4203125 0.0328125 0.415625
0 0.209375 0.4 0.2046875 0.396875 0.2046875 0.3890625 0.20625 0.3875 0.2125 0.3890625 0.2140625 0.396875 0.2109375 0.3984375
0 0.1125 0.540625 0.1171875 0.5453125 0.115625 0.5484375 0.109375 0.55 0.10625 0.546875 0.10625 0.54375 0.1109375 0.5421875
0 0.859375 0.5578125 0.8609375 0.5640625 0.8578125 0.5671875 0.8546875 0.565625 0.8546875 0.559375 0.8578125 0.5578125
0 0.75625 0.46875 0.759375 0.4734375 0.7578125 0.4765625 0.7515625 0.4765625 0.746875 0.4734375 0.7484375 0.4671875 0.7546875 0.46875
0 0.08125 0.4828125 0.090625 0.4875 0.0921875 0.4953125 0.090625 0.503125 0.0859375 0.50625 0.075 0.5046875 0.0734375 0.4890625 0.0765625 0.484375 0.0796875 0.484375
0 0.4578125 0.45625 0.4609375 0.459375 0.4609375 0.4640625 0.45625 0.4765625 0.43125 0.4734375 0.4265625 0.46875 0.4296875 0.4453125 0.434375 0.4421875 0.4453125 0.440625 0.45 0.45 0.45625 0.45625
0 0.9375 0.6828125 0.940625 0.68125 0.946875 0.6828125 0.946875 0.6890625 0.9421875 0.6921875 0.9359375 0.6890625 0.9375 0.684375
0 0.81875 0.45 0.8234375 0.4484375 0.8265625 0.4515625 0.8234375 0.4578125 0.81875 0.45625 0.81875 0.4515625
0 0.025 0.459375 0.0296875 0.4578125 0.0328125 0.4625 0.03125 0.4671875 0.028125 0.46875 0.025 0.4671875 0.025 0.4609375
0 0.54453125 0.66171875 0.0109375 0.0109375
0 0.5078125 0.4453125 0.5046875 0.4421875 0.5046875 0.4359375 0.5078125 0.434375 0.509375 0.4359375 0.5078125 0.44375
0 0.68125 0.65 0.6953125 0.6453125 0.7046875 0.646875 0.7078125 0.65 0.70625 0.653125 0.6890625 0.6546875 0.6828125 0.6515625
0 0.3296875 0.453125 0.33125 0.4609375 0.325 0.459375 0.325 0.4546875 0.328125 0.453125
0 0.6140625 0.69140625 0.009375 0.0109375
0 0.725 0.40625 0.7296875 0.409375 0.734375 0.4203125 0.7328125 0.434375 0.728125 0.4390625 0.7203125 0.4375 0.7140625 0.4265625 0.715625 0.4109375 0.7234375 0.40625
0 0.871875 0.4953125 0.8765625 0.4984375 0.878125 0.5078125 0.86875 0.5171875 0.8640625 0.5171875 0.859375 0.5125 0.85625 0.5015625 0.8609375 0.49375 0.8703125 0.4953125
0 0.2578125 0.3953125 0.2609375 0.4 0.2609375 0.4078125 0.2578125 0.4109375 0.2515625 0.4078125 0.2515625 0.4 0.25625 0.3953125
0 0.390625 0.5765625 0.3921875 0.58125 0.3875 0.584375 0.3828125 0.5828125 0.3828125 0.578125 0.3890625 0.5765625
0 0.74375 0.65625 0.7484375 0.65625 0.7484375 0.6640625 0.74375 0.6640625 0.74375 0.6578125
0 0.390625 0.40625 0.3921875 0.4125 0.3859375 0.4125 0.3859375 0.4078125 0.3890625 0.40625
0 0.8578125 0.5890625 0.85625 0.596875 0.85 0.5953125 0.85 0.590625 0.85625 0.5890625
0 0.128125 0.4875 0.134375 0.4890625 0.134375 0.496875 0.13125 0.4984375 0.1265625 0.4953125 0.128125 0.4890625