1 0.32890625 0.475 0.01328125 0.0171875
1 0.78828125 0.49765625 0.034375 0.028125
1 0.1140625 0.48515625 0.03125 0.04375
1 0.11953125 0.4734375 0.0171875 0.01796875
1 0.3734375 0.3875 0.01015625 0.0234375
1 0.23671875 0.39765625 0.0125 0.01640625
1 0.16796875 0.39375 0.04765625 0.028125
1 0.28359375 0.4296875 0.0078125 0.0078125
1 0.0984375 0.403125 0.0140625 0.0125
1 0.54609375 0.39765625 0.00859375 0.0109375
1 0.54609375 0.40234375 0.0140625 0.02421875
1 0.79609375 0.57265625 0.08984375 0.03671875
1 0.23515625 0.5328125 0.02265625 0.02265625
1 0.78203125 0.49375 0.0125 0.0140625
1 0.10625 0.50625 0.01484375 0.01484375
1 0.39453125 0.56953125 0.009375 0.01015625
1 0.490625 0.465625 0.0078125 0.01171875
1 0.571875 0.365625 0.00859375 0.00859375
1 0.25625 0.49375 0.01171875 0.0125
1 0.5953125 0.4203125 0.00859375 0.01015625
1 0.48984375 0.5390625 0.0078125 0.0109375
1 0.328125 0.5484375 0.009375 0.01484375
1 0.35 0.38046875 0.009375 0.0109375
1 0.74296875 0.53515625 0.01328125 0.015625
1 0.9546875 0.42890625 0.03203125 0.025
1 0.6796875 0.3734375 0.01015625 0.0109375
1 0.17109375 0.378125 0.02421875 0.0140625
1 0.821875 0.40625 0.01171875 0.01640625
1 0.4640625 0.396875 0.0078125 0.01015625
1 0.23046875 0.4265625 0.0109375 0.0109375
1 0.6359375 0.528125 0.00859375 0.0140625
1 0.6296875 0.44140625 0.01015625 0.0109375
1 0.646875 0.4546875 0.0109375 0.0125
1 0.721875 0.46171875 0.009375 0.01328125
1 0.2734375 0.56484375 0.0328125 0.02109375
1 0.1796875 0.55703125 0.0390625 0.04375
1 0.48515625 0.4546875 0.0078125 0.01015625
1 0.2859375 0.4421875 0.01015625 0.01015625
1 0.64296875 0.49921875 0.0359375 0.06953125
1 0.69375 0.3953125 0.01171875 0.01484375
1 0.59296875 0.56875 0.0140625 0.01328125
1 0.5609375 0.47421875 0.0078125 0.0109375
1 0.62421875 0.446875 0.01328125 0.01171875
1 0.309375 0.4015625 0.01953125 0.02890625
1 0.38671875 0.45546875 0.01015625 0.009375
1 0.73828125 0.46171875 0.01640625 0.0140625
1 0.28828125 0.37109375 0.009375 0.009375
1 0.0296875 0.46171875 0.01015625 0.00859375
1 0.7078125 0.5515625 0.00859375 0.0125