0 0.34375 0.540625 0.35 0.5484375 0.35 0.559375 0.3453125 0.5671875 0.3375 0.5703125 0.3265625 0.5625 0.3234375 0.553125 0.3265625 0.54375 0.334375 0.540625 0.3421875 0.540625
0 0.55 0.5734375 0.5640625 0.5875 0.5671875 0.6 0.575 0.6109375 0.575 0.6234375 0.571875 0.6296875 0.5578125 0.6390625 0.5421875 0.6390625 0.528125 0.6296875 0.4953125 0.628125 0.4890625 0.6234375 0.478125 0.6015625 0.4828125 0.5859375 0.490625 0.578125 0.5046875 0.578125 0.509375 0.5765625 0.515625 0.5703125 0.5359375 0.5703125 0.5484375 0.5734375
0 0.109375 0.584375 0.1140625 0.5890625 0.115625 0.60625 0.1125 0.6140625 0.1078125 0.615625 0.0953125 0.6140625 0.090625 0.609375 0.0890625 0.603125 0.090625 0.5921875 0.09375 0.5875 0.1 0.58125 0.1046875 0.58125 0.1078125 0.584375
0 0.340625 0.515625 0.346875 0.5234375 0.3453125 0.5390625 0.35 0.546875 0.35 0.5609375 0.340625 0.5703125 0.334375 0.5703125 0.325 0.5609375 0.3203125 0.53125 0.3203125 0.51875 0.3234375 0.5140625 0.3328125 0.5125 0.3390625 0.515625
0 0.7609375 0.4390625 0.009375 0.015625
0 0.14375 0.4578125 0.140625 0.4546875 0.140625 0.4484375 0.14375 0.4453125 0.146875 0.446875 0.146875 0.45625 0.1453125 0.45625
0 0.8890625 0.7421875 0.8921875 0.74375 0.89375 0.7515625 0.890625 0.771875 0.8890625 0.7734375 0.8828125 0.771875 0.8828125 0.753125 0.8875 0.74375
0 0.5578125 0.503125 0.559375 0.5125 0.55625 0.5140625 0.5515625 0.509375 0.553125 0.5046875 0.55625 0.503125
0 0.20390625 0.609375 0.0203125 0.01875
0 0.340625 0.515625 0.3453125 0.521875 0.3453125 0.5296875 0.3421875 0.5328125 0.3328125 0.534375 0.325 0.534375 0.321875 0.53125 0.3203125 0.5203125 0.3234375 0.5140625 0.3390625 0.515625
0 0.0734375 0.6125 0.0765625 0.615625 0.0765625 0.6234375 0.0734375 0.625 0.0703125 0.621875 0.071875 0.6140625