1 0.77578125 0.4375 0.0234375 0.0265625
1 0.734375 0.4984375 0.02109375 0.02890625
1 0.96796875 0.51640625 0.02109375 0.025
1 0.6046875 0.54375 0.015625 0.02734375
1 0.2375 0.42109375 0.02265625 0.02109375
1 0.48984375 0.41875 0.0171875 0.02734375
1 0.62421875 0.42421875 0.021875 0.02421875
1 0.42578125 0.50078125 0.0125 0.01796875
1 0.2046875 0.56953125 0.01796875 0.02265625
1 0.41328125 0.53828125 0.01875 0.0296875
1 0.384375 0.446875 0.01484375 0.025
1 0.0828125 0.5640625 0.015625 0.0234375
1 0.35 0.58046875 0.0140625 0.0203125
1 0.034375 0.47578125 0.01328125 0.0140625
1 0.33203125 0.553125 0.0125 0.0203125
1 0.6328125 0.46171875 0.0171875 0.02109375
1 0.55703125 0.39453125 0.0203125 0.034375
1 0.8171875 0.61875 0.01953125 0.01875
1 0.85390625 0.57109375 0.02421875 0.02421875
1 0.29765625 0.50234375 0.0265625 0.02890625
1 0.36875 0.50078125 0.01640625 0.02109375
1 0.1890625 0.5359375 0.02734375 0.0328125
1 0.70078125 0.41953125 0.01796875 0.02421875
1 0.69375 0.46796875 0.0203125 0.0296875
1 0.8421875 0.521875 0.01953125 0.01953125
1 0.6875 0.4296875 0.01953125 0.0234375
1 0.0578125 0.4859375 0.01640625 0.01484375
1 0.14765625 0.5265625 0.01328125 0.01328125
1 0.428125 0.3625 0.0234375 0.015625
1 0.21953125 0.46328125 0.0171875 0.028125
1 0.71171875 0.52890625 0.0140625 0.0203125
1 0.65703125 0.49296875 0.01640625 0.0265625
1 0.50234375 0.4640625 0.02890625 0.03046875
1 0.90859375 0.5671875 0.04453125 0.03203125
1 0.8 0.475 0.01953125 0.0265625
1 0.19765625 0.5234375 0.015625 0.01953125
1 0.46875 0.46953125 0.0359375 0.03515625
1 0.1171875 0.5 0.0140625 0.01328125
1 0.13359375 0.42265625 0.01875 0.015625
1 0.99140625 0.48359375 0.0171875 0.0359375
1 0.99453125 0.5640625 0.0109375 0.0203125
1 0.2296875 0.50625 0.01328125 0.01796875
1 0.86171875 0.5484375 0.0140625 0.01953125
1 0.01640625 0.53203125 0.03046875 0.0265625
1 0.68359375 0.59609375 0.0171875 0.01640625
1 0.1625 0.63359375 0.015625 0.02265625
1 0.79453125 0.5734375 0.015625 0.02578125
1 0.21171875 0.60625 0.0140625 0.0171875
1 0.9625 0.47265625 0.02578125 0.046875
1 0.79765625 0.615625 0.02421875 0.025
1 0.66953125 0.5640625 0.01328125 0.02265625