1 0.65703125 0.56015625 0.0125 0.015625
1 0.3234375 0.4703125 0.015625 0.0171875
1 0.28671875 0.540625 0.01640625 0.0171875
1 0.69765625 0.5171875 0.01484375 0.01953125
1 0.47734375 0.5453125 0.01171875 0.0140625
1 0.68984375 0.6015625 0.01171875 0.01640625
1 0.54296875 0.578125 0.01171875 0.01484375
1 0.81953125 0.55390625 0.01640625 0.0171875
1 0.3765625 0.58125 0.01171875 0.015625
1 0.53046875 0.54609375 0.0109375 0.0140625
1 0.925 0.540625 0.0140625 0.0171875
1 0.51796875 0.5484375 0.01171875 0.0171875
1 0.5015625 0.50859375 0.0140625 0.0140625
1 0.51015625 0.43359375 0.01875 0.0171875
1 0.096875 0.52265625 0.01484375 0.01171875
1 0.884375 0.6796875 0.01640625 0.0140625
1 0.6609375 0.4265625 0.02109375 0.01953125
1 0.7546875 0.559375 0.0109375 0.015625
1 0.55234375 0.6234375 0.02109375 0.01640625
1 0.28203125 0.58515625 0.01796875 0.01484375
1 0.82890625 0.659375 0.0171875 0.01796875
1 0.5171875 0.6109375 0.0296875 0.025
1 0.49453125 0.60625 0.01328125 0.01640625
1 0.36875 0.36953125 0.02265625 0.009375
1 0.14140625 0.4625 0.01015625 0.015625
1 0.2921875 0.5875 0.02109375 0.015625
1 0.0828125 0.42578125 0.0203125 0.0234375
1 0.58828125 0.61796875 0.015625 0.02109375
1 0.8671875 0.6734375 0.0375 0.02109375
1 0.121875 0.42109375 0.015625 0.01953125