1 0.62421875 0.54609375 0.01484375 0.01875
1 0.32890625 0.49921875 0.02734375 0.0296875
1 0.4890625 0.58515625 0.0203125 0.02421875
1 0.5171875 0.54140625 0.0171875 0.01953125
1 0.71328125 0.60234375 0.02734375 0.0265625
1 0.41953125 0.54765625 0.0125 0.01796875
1 0.5328125 0.6015625 0.0125 0.01484375
1 0.69296875 0.45234375 0.0140625 0.01953125
1 0.7515625 0.55625 0.015625 0.021875
1 0.59609375 0.4921875 0.0171875 0.01875
1 0.91875 0.5390625 0.0140625 0.01953125
1 0.61484375 0.44140625 0.01484375 0.01953125
1 0.534375 0.45625 0.02578125 0.0203125
1 0.70859375 0.5765625 0.0171875 0.02421875
1 0.76328125 0.65 0.021875 0.0203125
1 0.82578125 0.65390625 0.0140625 0.0171875
1 0.365625 0.5984375 0.02265625 0.02265625
1 0.80390625 0.6375 0.0109375 0.0109375
1 0.1796875 0.48046875 0.0234375 0.01796875
1 0.86015625 0.6671875 0.01484375 0.01875
1 0.69609375 0.54375 0.015625 0.01796875
1 0.7078125 0.66953125 0.04296875 0.02109375
1 0.64765625 0.5890625 0.009375 0.015625
1 0.440625 0.55703125 0.01015625 0.0109375
1 0.66484375 0.6203125 0.009375 0.0125
1 0.4359375 0.56875 0.059375 0.0609375
1 0.80078125 0.559375 0.01171875 0.015625
1 0.1578125 0.43203125 0.0296875 0.0375
1 0.853125 0.5765625 0.0140625 0.02734375
1 0.2234375 0.48359375 0.01171875 0.0125
1 0.66171875 0.62578125 0.02890625 0.03984375
1 0.775 0.5390625 0.0140625 0.02109375
1 0.3296875 0.54375 0.01015625 0.0109375
1 0.28125 0.49375 0.01796875 0.015625
1 0.284375 0.48203125 0.028125 0.01875
1 0.07109375 0.42421875 0.0640625 0.04296875
1 0.8125 0.54609375 0.0109375 0.01484375
1 0.190625 0.44921875 0.02421875 0.0265625
1 0.93203125 0.65546875 0.01015625 0.01171875
1 0.68984375 0.46953125 0.0171875 0.02421875
1 0.6125 0.6234375 0.034375 0.03359375
1 0.46796875 0.6234375 0.00859375 0.0125
1 0.8921875 0.603125 0.01328125 0.01640625
1 0.54296875 0.47734375 0.0078125 0.0125
1 0.0203125 0.41328125 0.040625 0.0453125
1 0.91171875 0.4859375 0.01640625 0.02578125
1 0.925 0.58984375 0.053125 0.01875
1 0.3796875 0.48984375 0.03984375 0.028125
1 0.821875 0.69140625 0.03046875 0.01796875
1 0.48203125 0.565625 0.03046875 0.0140625
1 0.64765625 0.45859375 0.00859375 0.01015625
1 0.58125 0.6421875 0.03671875 0.01796875
1 0.51640625 0.46171875 0.03046875 0.02421875
1 0.2609375 0.52734375 0.0078125 0.009375
1 0.7875 0.675 0.0078125 0.01328125
1 0.6625 0.4765625 0.01171875 0.0171875
1 0.6515625 0.6609375 0.01796875 0.015625
1 0.72578125 0.43359375 0.04453125 0.0171875
1 0.66953125 0.5046875 0.0125 0.02109375
1 0.12578125 0.4203125 0.03828125 0.0265625
1 0.98828125 0.596875 0.01328125 0.01640625
1 0.8828125 0.55 0.03203125 0.0453125
1 0.92109375 0.6265625 0.01015625 0.015625
1 0.5 0.49765625 0.03515625 0.0375
1 0.1046875 0.47109375 0.02578125 0.0140625
1 0.0796875 0.47109375 0.01328125 0.0125
1 0.54375 0.63203125 0.03671875 0.0296875
1 0.834375 0.4515625 0.01484375 0.01796875
1 0.69140625 0.4328125 0.0171875 0.01796875
1 0.14453125 0.496875 0.015625 0.01328125