1 0.3734375 0.59296875 0.0234375 0.0328125
1 0.16875 0.5015625 0.0203125 0.0328125
1 0.74453125 0.6640625 0.0265625 0.03828125
1 0.65078125 0.5140625 0.02421875 0.025
1 0.090625 0.3484375 0.0125 0.0234375
1 0.5765625 0.30625 0.0203125 0.034375
1 0.89296875 0.665625 0.02578125 0.05625
1 0.23125 0.55546875 0.021875 0.0265625
1 0.3796875 0.525 0.01640625 0.02578125
1 0.1921875 0.1953125 0.0140625 0.02890625
1 0.36875 0.4265625 0.0203125 0.02578125
1 0.671875 0.3296875 0.0171875 0.01953125
1 0.58125 0.528125 0.03515625 0.0375
1 0.32890625 0.27578125 0.0140625 0.02109375
1 0.11875 0.4359375 0.015625 0.02890625
1 0.42890625 0.58515625 0.01640625 0.02890625
1 0.6875 0.5265625 0.02109375 0.025
1 0.134375 0.16875 0.0234375 0.0390625
1 0.703125 0.3484375 0.02265625 0.02109375
1 0.265625 0.46953125 0.01328125 0.02890625
1 0.54765625 0.5203125 0.10859375 0.06328125
1 0.30078125 0.58359375 0.0375 0.03984375
1 0.99296875 0.66796875 0.0140625 0.0328125
1 0.6671875 0.72421875 0.01875 0.03046875
1 0.10625 0.49296875 0.01796875 0.0453125
1 0.7078125 0.39140625 0.01328125 0.0234375
1 0.6828125 0.72734375 0.02265625 0.0375
1 0.75703125 0.4390625 0.0125 0.02265625
1 0.83046875 0.7078125 0.0171875 0.0453125
1 0.884375 0.59453125 0.0171875 0.03203125
1 0.37890625 0.403125 0.01328125 0.02421875
1 0.80703125 0.76875 0.01328125 0.0203125
1 0.13984375 0.5015625 0.0125 0.01875
1 0.1140625 0.1828125 0.0125 0.02265625
1 0.1578125 0.20546875 0.0234375 0.02421875
1 0.053125 0.1578125 0.0140625 0.0296875
1 0.0328125 0.48671875 0.03046875 0.02421875
1 0.3734375 0.52890625 0.03359375 0.04375
1 0.81953125 0.56640625 0.02265625 0.02109375
1 0.8265625 0.4 0.02109375 0.025
1 0.91015625 0.73671875 0.0140625 0.02734375
1 0.028125 0.41796875 0.01484375 0.01796875
1 0.48125 0.328125 0.0140625 0.01875
1 0.540625 0.61875 0.0125 0.021875
1 0.2546875 0.4671875 0.05078125 0.05546875
1 0.98125 0.70625 0.02890625 0.0421875
1 0.459375 0.4890625 0.0234375 0.02890625
1 0.34296875 0.32109375 0.01484375 0.0265625
1 0.2171875 0.54609375 0.0171875 0.040625
1 0.06484375 0.1796875 0.01875 0.021875
1 0.4078125 0.4015625 0.01328125 0.021875
1 0.21796875 0.2171875 0.009375 0.015625
1 0.634375 0.6015625 0.0125 0.0234375
1 0.425 0.62109375 0.0125 0.01796875
1 0.0140625 0.46796875 0.015625 0.02734375
1 0.8453125 0.40234375 0.0234375 0.02421875
1 0.0609375 0.23515625 0.009375 0.015625
1 0.4953125 0.675 0.01875 0.02890625
1 0.18671875 0.42265625 0.01328125 0.02421875
1 0.365625 0.3390625 0.01015625 0.015625
1 0.46953125 0.5921875 0.01171875 0.01875
1 0.1109375 0.33125 0.00859375 0.01484375
1 0.28046875 0.25859375 0.01015625 0.015625
1 0.66171875 0.69296875 0.0140625 0.0390625
1 0.86328125 0.4171875 0.01171875 0.0234375
1 0.98203125 0.48828125 0.0203125 0.02734375
1 0.515625 0.4765625 0.0109375 0.034375
1 0.5234375 0.66953125 0.0109375 0.02421875
1 0.55703125 0.4625 0.00859375 0.01484375
1 0.559375 0.521875 0.0109375 0.0140625
1 0.3640625 0.546875 0.08515625 0.10546875
1 0.19609375 0.5359375 0.028125 0.040625
1 0.55078125 0.45390625 0.028125 0.0375
1 0.90390625 0.8 0.01484375 0.0203125
1 0.578125 0.43125 0.0171875 0.03828125
1 0.815625 0.3859375 0.028125 0.025
1 0.79921875 0.37265625 0.025 0.02421875
1 0.77421875 0.3609375 0.01796875 0.02109375
1 0.77890625 0.36953125 0.0359375 0.034375
1 0.00703125 0.4734375 0.01328125 0.0328125