1 0.59375 0.6 0.01171875 0.02109375
1 0.2265625 0.58046875 0.01640625 0.0234375
1 0.41484375 0.58515625 0.0125 0.02265625
1 0.26328125 0.48125 0.01640625 0.02578125
1 0.44140625 0.53046875 0.021875 0.01796875
1 0.6328125 0.54140625 0.01171875 0.021875
1 0.4578125 0.58515625 0.01328125 0.01875
1 0.62734375 0.65546875 0.0125 0.02109375
1 0.75546875 0.584375 0.0140625 0.01796875
1 0.68828125 0.5953125 0.0109375 0.015625
1 0.3171875 0.6328125 0.01171875 0.02578125
1 0.98671875 0.75 0.025 0.028125
1 0.465625 0.58515625 0.01328125 0.02109375
1 0.85859375 0.565625 0.015625 0.02421875
1 0.4796875 0.628125 0.0125 0.02265625
1 0.7546875 0.57421875 0.0125 0.01953125
1 0.81796875 0.759375 0.0140625 0.01875
1 0.596875 0.41171875 0.02421875 0.02578125
1 0.45078125 0.6703125 0.01484375 0.02421875
1 0.9734375 0.75703125 0.01875 0.02578125
1 0.22109375 0.64296875 0.015625 0.01953125
1 0.23125 0.63984375 0.01484375 0.02265625
1 0.49296875 0.69296875 0.0140625 0.015625
1 0.0359375 0.5640625 0.015625 0.015625
1 0.7640625 0.7328125 0.01484375 0.0234375
1 0.44609375 0.4265625 0.0140625 0.0234375
1 0.96171875 0.759375 0.021875 0.0265625
1 0.3265625 0.5109375 0.0140625 0.0140625
1 0.96328125 0.540625 0.0171875 0.0203125
1 0.52578125 0.68046875 0.01484375 0.02734375
1 0.4328125 0.66484375 0.01328125 0.02578125
1 0.4046875 0.70234375 0.021875 0.01875
1 0.59140625 0.7203125 0.0125 0.01796875
1 0.309375 0.3390625 0.040625 0.0109375
1 0.0640625 0.41640625 0.01328125 0.021875