1 0.359375 0.74375 0.01953125 0.01953125
1 0.903125 0.559375 0.02890625 0.025
1 0.15703125 0.63828125 0.02421875 0.0171875
1 0.28671875 0.67265625 0.03671875 0.02109375
1 0.69609375 0.684375 0.04765625 0.0265625
1 0.359375 0.48828125 0.04453125 0.0265625
1 0.1109375 0.68125 0.0203125 0.01953125
1 0.13984375 0.34765625 0.02890625 0.028125
1 0.49140625 0.38125 0.04921875 0.0296875
1 0.67890625 0.4640625 0.03359375 0.02421875
1 0.6359375 0.36953125 0.0734375 0.03203125
1 0.30703125 0.63984375 0.025 0.01953125
1 0.890625 0.64921875 0.04609375 0.02734375
1 0.7078125 0.81953125 0.06015625 0.034375
1 0.57265625 0.18359375 0.025 0.01875
1 0.9609375 0.5296875 0.02109375 0.0203125
1 0.5328125 0.496875 0.1046875 0.04453125
1 0.928125 0.83984375 0.0375 0.02265625
1 0.553125 0.44921875 0.0578125 0.034375
1 0.440625 0.67109375 0.02109375 0.01953125
1 0.490625 0.73515625 0.01796875 0.01640625
1 0.0578125 0.7796875 0.015625 0.01484375
1 0.39375 0.3609375 0.01875 0.01484375
1 0.80078125 0.40703125 0.0296875 0.021875
1 0.85390625 0.31484375 0.0609375 0.03046875
1 0.4578125 0.6140625 0.0203125 0.01640625
1 0.89140625 0.38359375 0.05625 0.028125
1 0.4890625 0.2625 0.109375 0.04140625
1 0.7859375 0.81875 0.02265625 0.01953125
1 0.7265625 0.6515625 0.01875 0.01953125
1 0.78828125 0.5921875 0.02109375 0.01796875
1 0.44921875 0.35 0.02578125 0.01875
1 0.309375 0.5828125 0.0375 0.02109375
1 0.571875 0.67890625 0.01875 0.01484375
1 0.4125 0.29375 0.0359375 0.0203125
1 0.29765625 0.70078125 0.02734375 0.0203125
1 0.4625 0.45390625 0.025 0.01484375
1 0.0953125 0.55546875 0.1046875 0.04375
1 0.10234375 0.7921875 0.0125 0.015625
1 0.63828125 0.284375 0.12265625 0.0578125
1 0.25390625 0.36953125 0.0375 0.0203125
1 0.8 0.3046875 0.05390625 0.02890625
1 0.909375 0.53359375 0.0265625 0.01484375
1 0.8375 0.509375 0.0546875 0.0234375
1 0.22734375 0.534375 0.0859375 0.03984375
1 0.0765625 0.49140625 0.02109375 0.0171875
1 0.32890625 0.29375 0.0265625 0.0203125
1 0.3296875 0.38671875 0.015625 0.01328125
1 0.37578125 0.53515625 0.0328125 0.01875
1 0.66328125 0.45703125 0.071875 0.04375
1 0.20546875 0.7328125 0.07578125 0.02421875
1 0.8265625 0.6015625 0.015625 0.0171875
1 0.50390625 0.821875 0.01796875 0.02109375
1 0.74296875 0.55859375 0.03125 0.0140625
1 0.171875 0.8078125 0.01484375 0.021875
1 0.696875 0.2125 0.025 0.0234375
1 0.13984375 0.765625 0.03828125 0.01875
1 0.9625 0.42265625 0.05703125 0.040625
1 0.73828125 0.26875 0.028125 0.0234375
1 0.64453125 0.65234375 0.0140625 0.0171875
1 0.92890625 0.18828125 0.06171875 0.04609375
1 0.415625 0.81875 0.0671875 0.02265625