1 0.40625 0.6 0.01171875 0.02109375
1 0.7734375 0.58046875 0.01640625 0.0234375
1 0.58515625 0.58515625 0.0125 0.02265625
1 0.73671875 0.48125 0.01640625 0.02578125
1 0.55859375 0.53046875 0.021875 0.01796875
1 0.3671875 0.54140625 0.01171875 0.021875
1 0.5421875 0.58515625 0.01328125 0.01875
1 0.37265625 0.65546875 0.0125 0.02109375
1 0.24453125 0.584375 0.0140625 0.01796875
1 0.31171875 0.5953125 0.0109375 0.015625
1 0.6828125 0.6328125 0.01171875 0.02578125
1 0.01328125 0.75 0.025 0.028125
1 0.534375 0.58515625 0.01328125 0.02109375
1 0.14140625 0.565625 0.015625 0.02421875
1 0.5203125 0.628125 0.0125 0.02265625
1 0.2453125 0.57421875 0.0125 0.01953125
1 0.18203125 0.759375 0.0140625 0.01875
1 0.403125 0.41171875 0.02421875 0.02578125
1 0.54921875 0.6703125 0.01484375 0.02421875
1 0.0265625 0.75703125 0.01875 0.02578125
1 0.77890625 0.64296875 0.015625 0.01953125
1 0.76875 0.63984375 0.01484375 0.02265625
1 0.50703125 0.69296875 0.0140625 0.015625
1 0.9640625 0.5640625 0.015625 0.015625
1 0.2359375 0.7328125 0.01484375 0.0234375
1 0.55390625 0.4265625 0.0140625 0.0234375
1 0.03828125 0.759375 0.021875 0.0265625
1 0.6734375 0.5109375 0.0140625 0.0140625
1 0.03671875 0.540625 0.0171875 0.0203125
1 0.47421875 0.68046875 0.01484375 0.02734375
1 0.5671875 0.66484375 0.01328125 0.02578125
1 0.5953125 0.70234375 0.021875 0.01875
1 0.40859375 0.7203125 0.0125 0.01796875
1 0.690625 0.3390625 0.040625 0.0109375
1 0.9359375 0.41640625 0.01328125 0.021875