1 0.34296875 0.56015625 0.0125 0.015625
1 0.6765625 0.4703125 0.015625 0.0171875
1 0.71328125 0.540625 0.01640625 0.0171875
1 0.30234375 0.5171875 0.01484375 0.01953125
1 0.52265625 0.5453125 0.01171875 0.0140625
1 0.31015625 0.6015625 0.01171875 0.01640625
1 0.45703125 0.578125 0.01171875 0.01484375
1 0.18046875 0.55390625 0.01640625 0.0171875
1 0.6234375 0.58125 0.01171875 0.015625
1 0.46953125 0.54609375 0.0109375 0.0140625
1 0.075 0.540625 0.0140625 0.0171875
1 0.48203125 0.5484375 0.01171875 0.0171875
1 0.4984375 0.50859375 0.0140625 0.0140625
1 0.48984375 0.43359375 0.01875 0.0171875
1 0.903125 0.52265625 0.01484375 0.01171875
1 0.115625 0.6796875 0.01640625 0.0140625
1 0.3390625 0.4265625 0.02109375 0.01953125
1 0.2453125 0.559375 0.0109375 0.015625
1 0.44765625 0.6234375 0.02109375 0.01640625
1 0.71796875 0.58515625 0.01796875 0.01484375
1 0.17109375 0.659375 0.0171875 0.01796875
1 0.4828125 0.6109375 0.0296875 0.025
1 0.50546875 0.60625 0.01328125 0.01640625
1 0.63125 0.36953125 0.02265625 0.009375
1 0.85859375 0.4625 0.01015625 0.015625
1 0.7078125 0.5875 0.02109375 0.015625
1 0.9171875 0.42578125 0.0203125 0.0234375
1 0.41171875 0.61796875 0.015625 0.02109375
1 0.1328125 0.6734375 0.0375 0.02109375
1 0.878125 0.42109375 0.015625 0.01953125