0 0.115625 0.3734375 0.1265625 0.371875 0.1296875 0.375 0.128125 0.3828125 0.11875 0.3828125 0.115625 0.3796875 0.115625 0.375
0 0.3890625 0.475 0.3921875 0.4765625 0.3921875 0.4828125 0.390625 0.484375 0.3859375 0.4828125 0.3875 0.4765625
0 0.4484375 0.5515625 0.4515625 0.5546875 0.45 0.56875 0.4390625 0.56875 0.4359375 0.565625 0.4375 0.553125 0.446875 0.5515625
0 0.83359375 0.6046875 0.0140625 0.015625
0 0.5625 0.4046875 0.565625 0.4078125 0.565625 0.4125 0.5609375 0.415625 0.5546875 0.415625 0.5515625 0.4125 0.553125 0.4046875 0.5609375 0.4046875
0 0.7546875 0.58125 0.7578125 0.584375 0.7578125 0.5921875 0.7515625 0.5953125 0.746875 0.5921875 0.746875 0.5828125 0.753125 0.58125
0 0.903125 0.4203125 0.9046875 0.421875 0.903125 0.434375 0.8984375 0.4328125 0.8984375 0.421875 0.9015625 0.4203125
0 0.0265625 0.55546875 0.0125 0.0171875
0 0.053125 0.53125 0.0578125 0.53125 0.05625 0.553125 0.053125 0.553125 0.0515625 0.55 0.0515625 0.534375 0.053125 0.5328125
0 0.340625 0.6484375 0.34375 0.646875 0.3515625 0.6484375 0.35625 0.6578125 0.3546875 0.6625 0.3375 0.6609375 0.3375 0.6546875 0.340625 0.65
0 0.5796875 0.440625 0.009375 0.015625
0 0.7328125 0.621875 0.7390625 0.621875 0.7375 0.634375 0.7328125 0.6328125 0.7328125 0.6234375
0 0.2734375 0.521875 0.2765625 0.5203125 0.2859375 0.521875 0.2859375 0.5296875 0.28125 0.5328125 0.2734375 0.5296875 0.2734375 0.5234375
0 0.8984375 0.621875 0.9046875 0.625 0.90625 0.628125 0.90625 0.634375 0.9015625 0.6390625 0.89375 0.6390625 0.8890625 0.634375 0.890625 0.625 0.896875 0.621875
0 0.9125 0.6859375 0.9203125 0.6875 0.9265625 0.6921875 0.9265625 0.696875 0.9171875 0.7015625 0.903125 0.7015625 0.8953125 0.6984375 0.9 0.6890625 0.9109375 0.6859375
0 0.43125 0.63125 0.4390625 0.6328125 0.4421875 0.646875 0.4484375 0.6609375 0.4453125 0.665625 0.428125 0.6609375 0.4265625 0.640625 0.43125 0.6328125
0 0.63125 0.6765625 0.6328125 0.684375 0.6296875 0.6875 0.625 0.6875 0.6203125 0.684375 0.6203125 0.678125 0.6234375 0.675 0.6296875 0.6765625
0 0.40625 0.4625 0.4109375 0.471875 0.403125 0.4765625 0.396875 0.4734375 0.396875 0.4671875 0.4046875 0.4625
0 0.78125 0.696875 0.7796875 0.68125 0.7828125 0.678125 0.7875 0.678125 0.7890625 0.68125 0.7890625 0.6921875 0.7859375 0.696875 0.7828125 0.696875
0 0.7125 0.58125 0.7171875 0.5890625 0.7140625 0.596875 0.709375 0.596875 0.70625 0.5890625 0.7078125 0.5828125 0.7109375 0.58125