1 0.3765625 0.48828125 0.02109375 0.02421875
1 0.77421875 0.4828125 0.01953125 0.0359375
1 0.84609375 0.4859375 0.01640625 0.0328125
1 0.55390625 0.45859375 0.0140625 0.02109375
1 0.9671875 0.50703125 0.0171875 0.02890625
1 0.74921875 0.63046875 0.015625 0.0203125
1 0.27734375 0.44609375 0.0171875 0.01796875
1 0.9671875 0.68046875 0.01953125 0.028125
1 0.15546875 0.4734375 0.0171875 0.02578125
1 0.32734375 0.5578125 0.01484375 0.01640625
1 0.22421875 0.51640625 0.0125 0.01875
1 0.7109375 0.43125 0.01171875 0.01875
1 0.45234375 0.56875 0.01484375 0.02109375
1 0.15859375 0.56640625 0.02265625 0.02890625
1 0.1453125 0.471875 0.01796875 0.0234375
1 0.815625 0.58671875 0.01640625 0.03359375
1 0.59765625 0.39375 0.02734375 0.01953125
1 0.60078125 0.53828125 0.01015625 0.01875
1 0.3203125 0.45234375 0.01015625 0.01484375
1 0.7171875 0.38203125 0.046875 0.01796875
1 0.325 0.56640625 0.01171875 0.015625
1 0.2078125 0.51875 0.0109375 0.01484375
1 0.92890625 0.5484375 0.05703125 0.02734375
1 0.17265625 0.5359375 0.009375 0.0171875
1 0.35625 0.5515625 0.01875 0.0359375
1 0.48203125 0.5765625 0.0140625 0.02109375
1 0.99375 0.64140625 0.0125 0.0390625
1 0.828125 0.65859375 0.01171875 0.01875
1 0.1359375 0.4734375 0.07421875 0.04140625
1 0.16875 0.5578125 0.01484375 0.034375
1 0.921875 0.6984375 0.01953125 0.0234375
1 0.409375 0.57109375 0.01484375 0.0234375
1 0.790625 0.378125 0.0265625 0.01796875
1 0.50859375 0.44921875 0.009375 0.01171875
1 0.3265625 0.6140625 0.04140625 0.02265625
1 0.90859375 0.3625 0.025 0.01953125
1 0.07109375 0.48203125 0.04375 0.03046875
1 0.90546875 0.37421875 0.01796875 0.025