1 0.0375 0.8578125 0.02109375 0.04609375
1 0.05546875 0.18046875 0.0109375 0.015625
1 0.109375 0.209375 0.01796875 0.0296875
1 0.2046875 0.6453125 0.3875 0.215625
1 0.28828125 0.4203125 0.5109375 0.2875
1 0.50859375 0.03515625 0.2859375 0.0703125
1 0.00859375 0.12265625 0.0171875 0.0984375
1 0.94921875 0.0421875 0.06875 0.07109375
1 0.1421875 0.5171875 0.265625 0.1203125
1 0.97578125 0.25703125 0.0453125 0.05546875
1 0.40078125 0.346875 0.30234375 0.14296875
1 0.44609375 0.0390625 0.1359375 0.06875
1 0.87421875 0.06484375 0.04453125 0.05546875
1 0.3671875 0.06015625 0.128125 0.07578125
1 0.9921875 0.9515625 0.01484375 0.0390625
1 0.1140625 0.41484375 0.09765625 0.059375
1 0.0875 0.28828125 0.04453125 0.0328125
1 0.9734375 0.95703125 0.04453125 0.04453125
1 0.19609375 0.42109375 0.1609375 0.1140625
1 0.09296875 0.821875 0.1828125 0.1890625
1 0.32109375 0.09375 0.02578125 0.02890625
1 0.51796875 0.01953125 0.02890625 0.0359375
1 0.10703125 0.64375 0.06953125 0.2046875
1 0.55703125 0.0171875 0.0953125 0.034375
1 0.3375 0.034375 0.090625 0.0625
1 0.05390625 0.540625 0.0921875 0.06953125
1 0.02890625 0.70625 0.04296875 0.0390625