0 0.1859375 0.48125 0.1875 0.4890625 0.18125 0.4921875 0.1765625 0.490625 0.175 0.4859375 0.1765625 0.4828125 0.184375 0.48125
0 0.9609375 0.4140625 0.965625 0.4140625 0.9671875 0.41875 0.965625 0.4234375 0.9625 0.425 0.959375 0.421875 0.9609375 0.415625
0 0.7890625 0.4 0.784375 0.396875 0.7859375 0.3890625 0.7875 0.3875 0.79375 0.3890625 0.79375 0.396875 0.790625 0.3984375
0 0.8859375 0.540625 0.890625 0.5421875 0.8921875 0.546875 0.8890625 0.55 0.8828125 0.5484375 0.88125 0.5453125 0.884375 0.5421875
0 0.1421875 0.5578125 0.14375 0.565625 0.140625 0.5671875 0.1375 0.5640625 0.1375 0.559375 0.140625 0.5578125
0 0.2390625 0.4734375 0.2421875 0.46875 0.25 0.4671875 0.2515625 0.4734375 0.246875 0.4765625 0.240625 0.4765625 0.240625 0.475
0 0.9171875 0.4828125 0.921875 0.484375 0.925 0.4890625 0.9234375 0.5046875 0.9125 0.50625 0.90625 0.5 0.9078125 0.4875 0.9109375 0.484375 0.915625 0.484375
0 0.5640625 0.4421875 0.56875 0.4453125 0.571875 0.46875 0.5671875 0.4734375 0.553125 0.4765625 0.540625 0.475 0.5375 0.459375 0.5484375 0.45 0.553125 0.440625 0.5625 0.4421875
0 0.0609375 0.6828125 0.0625 0.6890625 0.05625 0.6921875 0.0515625 0.6890625 0.0515625 0.6828125 0.053125 0.68125 0.059375 0.6828125
0 0.1796875 0.45 0.1796875 0.45625 0.1765625 0.4578125 0.171875 0.4546875 0.171875 0.4515625 0.175 0.4484375 0.178125 0.45
0 0.9734375 0.459375 0.9734375 0.4671875 0.9703125 0.46875 0.9671875 0.4671875 0.965625 0.4625 0.96875 0.4578125 0.971875 0.459375
0 0.4578125 0.6578125 0.459375 0.6625 0.4546875 0.665625 0.45 0.6640625 0.45 0.659375 0.453125 0.65625 0.45625 0.6578125
0 0.490625 0.4453125 0.4890625 0.4359375 0.490625 0.434375 0.49375 0.4359375 0.4921875 0.44375
0 0.3046875 0.65078125 0.028125 0.0109375
0 0.671875 0.453125 0.6734375 0.4546875 0.671875 0.4609375 0.6671875 0.4609375 0.6671875 0.4546875 0.6703125 0.453125
0 0.3828125 0.6859375 0.3890625 0.6875 0.3890625 0.6921875 0.3859375 0.6953125 0.38125 0.690625 0.3828125 0.6875
0 0.2765625 0.40625 0.2828125 0.4109375 0.284375 0.4265625 0.28125 0.434375 0.275 0.4390625 0.2703125 0.4390625 0.265625 0.434375 0.2640625 0.428125 0.265625 0.415625 0.26875 0.409375 0.275 0.40625
0 0.13203125 0.50625 0.0234375 0.025
0 0.74375 0.3953125 0.746875 0.4 0.746875 0.4078125 0.74375 0.4109375 0.7375 0.4078125 0.7375 0.4 0.7421875 0.3953125
0 0.6140625 0.5765625 0.615625 0.5828125 0.6125 0.584375 0.60625 0.58125 0.6078125 0.5765625 0.6125 0.5765625
0 0.25 0.65625 0.2546875 0.65625 0.2546875 0.6640625 0.25 0.6640625 0.25 0.6578125
0 0.6109375 0.40625 0.6125 0.4125 0.60625 0.4125 0.60625 0.4078125 0.609375 0.40625
0 0.140625 0.5890625 0.1484375 0.590625 0.146875 0.596875 0.1421875 0.596875 0.140625 0.590625
0 0.8640625 0.496875 0.865625 0.4875 0.8703125 0.4875 0.871875 0.490625 0.871875 0.4953125 0.86875 0.4984375 0.865625 0.496875