1 0.696875 0.596875 0.01796875 0.02265625
1 0.12578125 0.52421875 0.015625 0.02265625
1 0.1921875 0.57109375 0.02109375 0.02734375
1 0.846875 0.44765625 0.015625 0.02734375
1 0.34609375 0.56328125 0.02109375 0.03046875
1 0.26796875 0.66015625 0.0359375 0.0390625
1 0.1828125 0.51875 0.01484375 0.02421875
1 0.23671875 0.609375 0.0140625 0.0234375
1 0.56171875 0.56875 0.0140625 0.0203125
1 0.059375 0.6921875 0.01875 0.03515625
1 0.38984375 0.48515625 0.01796875 0.0265625
1 0.3078125 0.61796875 0.015625 0.0203125
1 0.6640625 0.42265625 0.07578125 0.06484375
1 0.8671875 0.53046875 0.0234375 0.040625
1 0.6859375 0.54765625 0.0171875 0.02734375
1 0.5109375 0.5765625 0.02734375 0.03359375
1 0.45546875 0.5796875 0.01796875 0.02109375
1 0.4203125 0.56796875 0.02109375 0.0296875
1 0.82578125 0.5765625 0.01328125 0.01796875
1 0.4265625 0.67578125 0.03828125 0.03203125
1 0.4125 0.675 0.0125 0.021875
1 0.8734375 0.4515625 0.0140625 0.01875
1 0.321875 0.6203125 0.02265625 0.05859375
1 0.4421875 0.496875 0.0515625 0.0546875
1 0.4578125 0.62578125 0.01015625 0.02265625
1 0.590625 0.60078125 0.015625 0.021875
1 0.30859375 0.5171875 0.034375 0.040625
1 0.4984375 0.5296875 0.0140625 0.015625
1 0.6203125 0.66171875 0.0125 0.01796875
1 0.4828125 0.44375 0.0203125 0.0359375
1 0.66484375 0.66953125 0.0140625 0.0140625
1 0.4859375 0.7078125 0.01171875 0.0140625
1 0.38515625 0.5734375 0.021875 0.02734375
1 0.5484375 0.50078125 0.02265625 0.04375
1 0.2328125 0.58203125 0.01328125 0.01875
1 0.1265625 0.7 0.01796875 0.02265625
1 0.13046875 0.53984375 0.0234375 0.05078125
1 0.03125 0.69375 0.02421875 0.04140625
1 0.38515625 0.6203125 0.01953125 0.04375
1 0.56640625 0.42890625 0.0125 0.0203125
1 0.55 0.63203125 0.0125 0.01796875
1 0.09375 0.52421875 0.01328125 0.01953125
1 0.0296875 0.55078125 0.0328125 0.0296875
1 0.878125 0.49375 0.01015625 0.0140625
1 0.4171875 0.4484375 0.0109375 0.0171875
1 0.528125 0.66953125 0.0109375 0.01484375
1 0.15234375 0.521875 0.0109375 0.01875
1 0.803125 0.40546875 0.0171875 0.021875
1 0.94453125 0.39375 0.01484375 0.0234375
1 0.09765625 0.646875 0.01328125 0.03203125
1 0.42109375 0.6140625 0.01875 0.0515625
1 0.56328125 0.665625 0.02265625 0.0265625
1 0.0109375 0.65546875 0.02109375 0.05859375
1 0.1921875 0.634375 0.0125 0.021875
1 0.98515625 0.36484375 0.01171875 0.0203125
1 0.0609375 0.6140625 0.01328125 0.0203125
1 0.11171875 0.7046875 0.015625 0.01875
1 0.8140625 0.384375 0.0921875 0.07578125
1 0.3734375 0.465625 0.0109375 0.01640625
1 0.94765625 0.49375 0.02109375 0.04609375
1 0.02890625 0.6125 0.0109375 0.01953125
1 0.19453125 0.7328125 0.015625 0.01640625
1 0.2359375 0.72890625 0.015625 0.021875
1 0.89140625 0.54375 0.01640625 0.01953125
1 0.61640625 0.48515625 0.025 0.01640625
1 0.09375 0.61484375 0.0140625 0.0265625
1 0.9734375 0.4328125 0.0234375 0.01796875