0 0.46875 0.53125 0.4671875 0.5171875 0.4734375 0.5109375 0.478125 0.5109375 0.48125 0.515625 0.48125 0.528125 0.4734375 0.5328125 0.4703125 0.53125
0 0.503125 0.5828125 0.5078125 0.5890625 0.5046875 0.5953125 0.4984375 0.5953125 0.4953125 0.590625 0.496875 0.584375 0.5015625 0.5828125
0 0.94375 0.4625 0.9484375 0.471875 0.9421875 0.478125 0.9359375 0.475 0.9359375 0.465625 0.9421875 0.4625
0 0.5625 0.5859375 0.56875 0.5875 0.5671875 0.5953125 0.5625 0.59375 0.5609375 0.590625 0.5625 0.5875
0 0.8484375 0.0203125 0.85 0.028125 0.84375 0.040625 0.8390625 0.04375 0.8390625 0.0359375 0.846875 0.021875
0 0.1890625 0.6921875 0.190625 0.6984375 0.1890625 0.7046875 0.184375 0.7078125 0.18125 0.7046875 0.18125 0.69375 0.184375 0.690625 0.1875 0.6921875
0 0.2890625 0.621875 0.2921875 0.625 0.2921875 0.6328125 0.2890625 0.6359375 0.2828125 0.6328125 0.2828125 0.625 0.2875 0.621875
0 0.3078125 0.4359375 0.3140625 0.446875 0.3171875 0.4609375 0.3171875 0.4734375 0.3125 0.4828125 0.296875 0.4859375 0.2890625 0.484375 0.2859375 0.4796875 0.2828125 0.4671875 0.2828125 0.446875 0.2890625 0.4375 0.3 0.434375 0.30625 0.4359375
0 0.0828125 0.60625 0.0859375 0.609375 0.0859375 0.615625 0.0796875 0.621875 0.075 0.621875 0.0703125 0.6171875 0.0703125 0.6078125 0.075 0.6046875 0.08125 0.60625
0 0.5125 0.634375 0.5125 0.6453125 0.5078125 0.64375 0.5078125 0.6359375 0.5109375 0.634375
0 0.5890625 0.6703125 0.5953125 0.675 0.5953125 0.68125 0.590625 0.684375 0.578125 0.6828125 0.571875 0.6765625 0.571875 0.671875 0.575 0.66875 0.5875 0.6703125
0 0.4375 0.7109375 0.4453125 0.7140625 0.4453125 0.7203125 0.43125 0.721875 0.428125 0.715625 0.43125 0.7125 0.4359375 0.7125
0 0.4796875 0.64375 0.4859375 0.65 0.4875 0.6609375 0.4828125 0.6671875 0.478125 0.66875 0.465625 0.66875 0.4578125 0.6640625 0.459375 0.65 0.4671875 0.64375 0.478125 0.64375
0 0.646875 0.7140625 0.653125 0.715625 0.6515625 0.7234375 0.646875 0.721875 0.6453125 0.71875 0.646875 0.715625