1 0.303125 0.596875 0.01796875 0.02265625
1 0.87421875 0.52421875 0.015625 0.02265625
1 0.8078125 0.57109375 0.02109375 0.02734375
1 0.153125 0.44765625 0.015625 0.02734375
1 0.65390625 0.56328125 0.02109375 0.03046875
1 0.73203125 0.66015625 0.0359375 0.0390625
1 0.8171875 0.51875 0.01484375 0.02421875
1 0.76328125 0.609375 0.0140625 0.0234375
1 0.43828125 0.56875 0.0140625 0.0203125
1 0.940625 0.6921875 0.01875 0.03515625
1 0.61015625 0.48515625 0.01796875 0.0265625
1 0.6921875 0.61796875 0.015625 0.0203125
1 0.3359375 0.42265625 0.07578125 0.06484375
1 0.1328125 0.53046875 0.0234375 0.040625
1 0.3140625 0.54765625 0.0171875 0.02734375
1 0.4890625 0.5765625 0.02734375 0.03359375
1 0.54453125 0.5796875 0.01796875 0.02109375
1 0.5796875 0.56796875 0.02109375 0.0296875
1 0.17421875 0.5765625 0.01328125 0.01796875
1 0.5734375 0.67578125 0.03828125 0.03203125
1 0.5875 0.675 0.0125 0.021875
1 0.1265625 0.4515625 0.0140625 0.01875
1 0.678125 0.6203125 0.02265625 0.05859375
1 0.5578125 0.496875 0.0515625 0.0546875
1 0.5421875 0.62578125 0.01015625 0.02265625
1 0.409375 0.60078125 0.015625 0.021875
1 0.69140625 0.5171875 0.034375 0.040625
1 0.5015625 0.5296875 0.0140625 0.015625
1 0.3796875 0.66171875 0.0125 0.01796875
1 0.5171875 0.44375 0.0203125 0.0359375
1 0.33515625 0.66953125 0.0140625 0.0140625
1 0.5140625 0.7078125 0.01171875 0.0140625
1 0.61484375 0.5734375 0.021875 0.02734375
1 0.4515625 0.50078125 0.02265625 0.04375
1 0.7671875 0.58203125 0.01328125 0.01875
1 0.8734375 0.7 0.01796875 0.02265625
1 0.86953125 0.53984375 0.0234375 0.05078125
1 0.96875 0.69375 0.02421875 0.04140625
1 0.61484375 0.6203125 0.01953125 0.04375
1 0.43359375 0.42890625 0.0125 0.0203125
1 0.45 0.63203125 0.0125 0.01796875
1 0.90625 0.52421875 0.01328125 0.01953125
1 0.9703125 0.55078125 0.0328125 0.0296875
1 0.121875 0.49375 0.01015625 0.0140625
1 0.5828125 0.4484375 0.0109375 0.0171875
1 0.471875 0.66953125 0.0109375 0.01484375
1 0.84765625 0.521875 0.0109375 0.01875
1 0.196875 0.40546875 0.0171875 0.021875
1 0.05546875 0.39375 0.01484375 0.0234375
1 0.90234375 0.646875 0.01328125 0.03203125
1 0.57890625 0.6140625 0.01875 0.0515625
1 0.43671875 0.665625 0.02265625 0.0265625
1 0.9890625 0.65546875 0.02109375 0.05859375
1 0.8078125 0.634375 0.0125 0.021875
1 0.01484375 0.36484375 0.01171875 0.0203125
1 0.9390625 0.6140625 0.01328125 0.0203125
1 0.88828125 0.7046875 0.015625 0.01875
1 0.1859375 0.384375 0.0921875 0.07578125
1 0.6265625 0.465625 0.0109375 0.01640625
1 0.05234375 0.49375 0.02109375 0.04609375
1 0.97109375 0.6125 0.0109375 0.01953125
1 0.80546875 0.7328125 0.015625 0.01640625
1 0.7640625 0.72890625 0.015625 0.021875
1 0.10859375 0.54375 0.01640625 0.01953125
1 0.38359375 0.48515625 0.025 0.01640625
1 0.90625 0.61484375 0.0140625 0.0265625
1 0.0265625 0.4328125 0.0234375 0.01796875