0 0.6640625 0.540625 0.671875 0.54375 0.675 0.55625 0.671875 0.5625 0.6609375 0.5703125 0.65 0.5640625 0.6484375 0.5484375 0.6546875 0.540625 0.6625 0.540625
0 0.5078125 0.578125 0.515625 0.5859375 0.5203125 0.6015625 0.509375 0.6234375 0.503125 0.628125 0.4953125 0.6296875 0.4703125 0.6296875 0.45625 0.6390625 0.4359375 0.6375 0.4265625 0.6296875 0.4234375 0.6234375 0.4234375 0.6109375 0.43125 0.6 0.434375 0.5875 0.4484375 0.5734375 0.4625 0.5703125 0.4828125 0.5703125 0.4890625 0.5765625 0.50625 0.578125
0 0.8859375 0.6140625 0.8828125 0.60625 0.8828125 0.5953125 0.884375 0.5890625 0.89375 0.58125 0.8984375 0.58125 0.9046875 0.5875 0.9078125 0.5921875 0.909375 0.603125 0.9078125 0.609375 0.903125 0.6140625 0.896875 0.615625 0.8875 0.6140625
0 0.6640625 0.5421875 0.03125 0.059375
0 0.2390625 0.4390625 0.009375 0.015625
0 0.8515625 0.45625 0.853125 0.4453125 0.8578125 0.4484375 0.8578125 0.4546875 0.8546875 0.4578125 0.853125 0.45625
0 0.109375 0.7421875 0.115625 0.753125 0.115625 0.771875 0.109375 0.7734375 0.10625 0.7671875 0.1046875 0.7515625 0.10625 0.74375 0.1078125 0.74375
0 0.44375 0.503125 0.446875 0.509375 0.4421875 0.5140625 0.4390625 0.5125 0.4390625 0.5046875 0.4421875 0.503125
0 0.8015625 0.6015625 0.8046875 0.6046875 0.8046875 0.6140625 0.7984375 0.6171875 0.7875 0.6171875 0.7859375 0.60625 0.790625 0.6 0.8 0.6015625
0 0.66640625 0.525 0.0265625 0.021875
0 0.925 0.6125 0.928125 0.615625 0.928125 0.621875 0.925 0.625 0.921875 0.6234375 0.9234375 0.6140625