1 0.67109375 0.475 0.01328125 0.0171875
1 0.21171875 0.49765625 0.034375 0.028125
1 0.8859375 0.48515625 0.03125 0.04375
1 0.88046875 0.4734375 0.0171875 0.01796875
1 0.6265625 0.3875 0.01015625 0.0234375
1 0.76328125 0.39765625 0.0125 0.01640625
1 0.83203125 0.39375 0.04765625 0.028125
1 0.71640625 0.4296875 0.0078125 0.0078125
1 0.9015625 0.403125 0.0140625 0.0125
1 0.45390625 0.39765625 0.00859375 0.0109375
1 0.45390625 0.40234375 0.0140625 0.02421875
1 0.20390625 0.57265625 0.08984375 0.03671875
1 0.76484375 0.5328125 0.02265625 0.02265625
1 0.21796875 0.49375 0.0125 0.0140625
1 0.89375 0.50625 0.01484375 0.01484375
1 0.60546875 0.56953125 0.009375 0.01015625
1 0.509375 0.465625 0.0078125 0.01171875
1 0.428125 0.365625 0.00859375 0.00859375
1 0.74375 0.49375 0.01171875 0.0125
1 0.4046875 0.4203125 0.00859375 0.01015625
1 0.51015625 0.5390625 0.0078125 0.0109375
1 0.671875 0.5484375 0.009375 0.01484375
1 0.65 0.38046875 0.009375 0.0109375
1 0.25703125 0.53515625 0.01328125 0.015625
1 0.0453125 0.42890625 0.03203125 0.025
1 0.3203125 0.3734375 0.01015625 0.0109375
1 0.82890625 0.378125 0.02421875 0.0140625
1 0.178125 0.40625 0.01171875 0.01640625
1 0.5359375 0.396875 0.0078125 0.01015625
1 0.76953125 0.4265625 0.0109375 0.0109375
1 0.3640625 0.528125 0.00859375 0.0140625
1 0.3703125 0.44140625 0.01015625 0.0109375
1 0.353125 0.4546875 0.0109375 0.0125
1 0.278125 0.46171875 0.009375 0.01328125
1 0.7265625 0.56484375 0.0328125 0.02109375
1 0.8203125 0.55703125 0.0390625 0.04375
1 0.51484375 0.4546875 0.0078125 0.01015625
1 0.7140625 0.4421875 0.01015625 0.01015625
1 0.35703125 0.49921875 0.0359375 0.06953125
1 0.30625 0.3953125 0.01171875 0.01484375
1 0.40703125 0.56875 0.0140625 0.01328125
1 0.4390625 0.47421875 0.0078125 0.0109375
1 0.37578125 0.446875 0.01328125 0.01171875
1 0.690625 0.4015625 0.01953125 0.02890625
1 0.61328125 0.45546875 0.01015625 0.009375
1 0.26171875 0.46171875 0.01640625 0.0140625
1 0.71171875 0.37109375 0.009375 0.009375
1 0.9703125 0.46171875 0.01015625 0.00859375
1 0.2921875 0.5515625 0.00859375 0.0125