1 0.22421875 0.4375 0.0234375 0.0265625
1 0.265625 0.4984375 0.02109375 0.02890625
1 0.03203125 0.51640625 0.02109375 0.025
1 0.3953125 0.54375 0.015625 0.02734375
1 0.7625 0.42109375 0.02265625 0.02109375
1 0.51015625 0.41875 0.0171875 0.02734375
1 0.37578125 0.42421875 0.021875 0.02421875
1 0.57421875 0.50078125 0.0125 0.01796875
1 0.7953125 0.56953125 0.01796875 0.02265625
1 0.58671875 0.53828125 0.01875 0.0296875
1 0.615625 0.446875 0.01484375 0.025
1 0.9171875 0.5640625 0.015625 0.0234375
1 0.65 0.58046875 0.0140625 0.0203125
1 0.965625 0.47578125 0.01328125 0.0140625
1 0.66796875 0.553125 0.0125 0.0203125
1 0.3671875 0.46171875 0.0171875 0.02109375
1 0.44296875 0.39453125 0.0203125 0.034375
1 0.1828125 0.61875 0.01953125 0.01875
1 0.14609375 0.57109375 0.02421875 0.02421875
1 0.70234375 0.50234375 0.0265625 0.02890625
1 0.63125 0.50078125 0.01640625 0.02109375
1 0.8109375 0.5359375 0.02734375 0.0328125
1 0.29921875 0.41953125 0.01796875 0.02421875
1 0.30625 0.46796875 0.0203125 0.0296875
1 0.1578125 0.521875 0.01953125 0.01953125
1 0.3125 0.4296875 0.01953125 0.0234375
1 0.9421875 0.4859375 0.01640625 0.01484375
1 0.85234375 0.5265625 0.01328125 0.01328125
1 0.571875 0.3625 0.0234375 0.015625
1 0.78046875 0.46328125 0.0171875 0.028125
1 0.28828125 0.52890625 0.0140625 0.0203125
1 0.34296875 0.49296875 0.01640625 0.0265625
1 0.49765625 0.4640625 0.02890625 0.03046875
1 0.09140625 0.5671875 0.04453125 0.03203125
1 0.2 0.475 0.01953125 0.0265625
1 0.80234375 0.5234375 0.015625 0.01953125
1 0.53125 0.46953125 0.0359375 0.03515625
1 0.8828125 0.5 0.0140625 0.01328125
1 0.86640625 0.42265625 0.01875 0.015625
1 0.00859375 0.48359375 0.0171875 0.0359375
1 0.00546875 0.5640625 0.0109375 0.0203125
1 0.7703125 0.50625 0.01328125 0.01796875
1 0.13828125 0.5484375 0.0140625 0.01953125
1 0.98359375 0.53203125 0.03046875 0.0265625
1 0.31640625 0.59609375 0.0171875 0.01640625
1 0.8375 0.63359375 0.015625 0.02265625
1 0.20546875 0.5734375 0.015625 0.02578125
1 0.78828125 0.60625 0.0140625 0.0171875
1 0.0375 0.47265625 0.02578125 0.046875
1 0.20234375 0.615625 0.02421875 0.025
1 0.33046875 0.5640625 0.01328125 0.02265625