1 0.6265625 0.59296875 0.0234375 0.0328125
1 0.83125 0.5015625 0.0203125 0.0328125
1 0.25546875 0.6640625 0.0265625 0.03828125
1 0.34921875 0.5140625 0.02421875 0.025
1 0.909375 0.3484375 0.0125 0.0234375
1 0.4234375 0.30625 0.0203125 0.034375
1 0.10703125 0.665625 0.02578125 0.05625
1 0.76875 0.55546875 0.021875 0.0265625
1 0.6203125 0.525 0.01640625 0.02578125
1 0.8078125 0.1953125 0.0140625 0.02890625
1 0.63125 0.4265625 0.0203125 0.02578125
1 0.328125 0.3296875 0.0171875 0.01953125
1 0.41875 0.528125 0.03515625 0.0375
1 0.67109375 0.27578125 0.0140625 0.02109375
1 0.88125 0.4359375 0.015625 0.02890625
1 0.57109375 0.58515625 0.01640625 0.02890625
1 0.3125 0.5265625 0.02109375 0.025
1 0.865625 0.16875 0.0234375 0.0390625
1 0.296875 0.3484375 0.02265625 0.02109375
1 0.734375 0.46953125 0.01328125 0.02890625
1 0.45234375 0.5203125 0.10859375 0.06328125
1 0.69921875 0.58359375 0.0375 0.03984375
1 0.00703125 0.66796875 0.0140625 0.0328125
1 0.3328125 0.72421875 0.01875 0.03046875
1 0.89375 0.49296875 0.01796875 0.0453125
1 0.2921875 0.39140625 0.01328125 0.0234375
1 0.3171875 0.72734375 0.02265625 0.0375
1 0.24296875 0.4390625 0.0125 0.02265625
1 0.16953125 0.7078125 0.0171875 0.0453125
1 0.115625 0.59453125 0.0171875 0.03203125
1 0.62109375 0.403125 0.01328125 0.02421875
1 0.19296875 0.76875 0.01328125 0.0203125
1 0.86015625 0.5015625 0.0125 0.01875
1 0.8859375 0.1828125 0.0125 0.02265625
1 0.8421875 0.20546875 0.0234375 0.02421875
1 0.946875 0.1578125 0.0140625 0.0296875
1 0.9671875 0.48671875 0.03046875 0.02421875
1 0.6265625 0.52890625 0.03359375 0.04375
1 0.18046875 0.56640625 0.02265625 0.02109375
1 0.1734375 0.4 0.02109375 0.025
1 0.08984375 0.73671875 0.0140625 0.02734375
1 0.971875 0.41796875 0.01484375 0.01796875
1 0.51875 0.328125 0.0140625 0.01875
1 0.459375 0.61875 0.0125 0.021875
1 0.7453125 0.4671875 0.05078125 0.05546875
1 0.01875 0.70625 0.02890625 0.0421875
1 0.540625 0.4890625 0.0234375 0.02890625
1 0.65703125 0.32109375 0.01484375 0.0265625
1 0.7828125 0.54609375 0.0171875 0.040625
1 0.93515625 0.1796875 0.01875 0.021875
1 0.5921875 0.4015625 0.01328125 0.021875
1 0.78203125 0.2171875 0.009375 0.015625
1 0.365625 0.6015625 0.0125 0.0234375
1 0.575 0.62109375 0.0125 0.01796875
1 0.9859375 0.46796875 0.015625 0.02734375
1 0.1546875 0.40234375 0.0234375 0.02421875
1 0.9390625 0.23515625 0.009375 0.015625
1 0.5046875 0.675 0.01875 0.02890625
1 0.81328125 0.42265625 0.01328125 0.02421875
1 0.634375 0.3390625 0.01015625 0.015625
1 0.53046875 0.5921875 0.01171875 0.01875
1 0.8890625 0.33125 0.00859375 0.01484375
1 0.71953125 0.25859375 0.01015625 0.015625
1 0.33828125 0.69296875 0.0140625 0.0390625
1 0.13671875 0.4171875 0.01171875 0.0234375
1 0.01796875 0.48828125 0.0203125 0.02734375
1 0.484375 0.4765625 0.0109375 0.034375
1 0.4765625 0.66953125 0.0109375 0.02421875
1 0.44296875 0.4625 0.00859375 0.01484375
1 0.440625 0.521875 0.0109375 0.0140625
1 0.6359375 0.546875 0.08515625 0.10546875
1 0.80390625 0.5359375 0.028125 0.040625
1 0.44921875 0.45390625 0.028125 0.0375
1 0.09609375 0.8 0.01484375 0.0203125
1 0.421875 0.43125 0.0171875 0.03828125
1 0.184375 0.3859375 0.028125 0.025
1 0.20078125 0.37265625 0.025 0.02421875
1 0.22578125 0.3609375 0.01796875 0.02109375
1 0.22109375 0.36953125 0.0359375 0.034375
1 0.99296875 0.4734375 0.01328125 0.0328125