0 0.7453125 0.315625 0.7484375 0.3203125 0.7484375 0.3296875 0.7453125 0.334375 0.7421875 0.334375 0.7390625 0.3296875 0.7390625 0.3203125 0.74375 0.315625
0 0 0.646875 0.0046875 0.6515625 0.003125 0.659375 0 0.6625 0 0.6484375
0 0.95625 0.6640625 0.9578125 0.6703125 0.953125 0.675 0.9484375 0.6671875 0.9515625 0.6625 0.9546875 0.6640625
0 0.525 0.684375 0.5328125 0.6875 0.5390625 0.696875 0.5390625 0.7125 0.5359375 0.71875 0.5203125 0.7234375 0.5046875 0.721875 0.5046875 0.715625 0.5140625 0.7 0.5171875 0.6890625 0.5234375 0.6859375
0 0.0640625 0.64375 0.0671875 0.646875 0.06875 0.6578125 0.0671875 0.6640625 0.0625 0.6671875 0.05625 0.665625 0.053125 0.659375 0.053125 0.653125 0.05625 0.646875 0.0625 0.64375
0 0.325 0.415625 0.328125 0.421875 0.3234375 0.4296875 0.309375 0.4296875 0.30625 0.428125 0.3046875 0.4234375 0.30625 0.4171875 0.3109375 0.4140625 0.3234375 0.415625
0 0.7859375 0.5546875 0.025 0.01875
0 0.2546875 0.5 0.2625 0.4984375 0.265625 0.503125 0.2640625 0.5125 0.2578125 0.5140625 0.2546875 0.5109375 0.2546875 0.5015625
0 0.01875 0.6921875 0.0234375 0.6921875 0.025 0.6953125 0.025 0.7078125 0.021875 0.7109375 0.0171875 0.70625 0.01875 0.69375
0 0.603125 0.503125 0.00625 0.0125
0 0.75234375 0.71640625 0.0109375 0.0078125
0 0.51875 0.59375 0.521875 0.596875 0.521875 0.609375 0.50625 0.6140625 0.4953125 0.6125 0.49375 0.6078125 0.496875 0.5984375 0.503125 0.59375 0.5171875 0.59375
0 0.68125 0.6984375 0.6859375 0.7015625 0.6875 0.709375 0.675 0.715625 0.6609375 0.715625 0.659375 0.709375 0.665625 0.7015625 0.671875 0.6984375 0.6796875 0.6984375
0 0.5796875 0.4796875 0.5875 0.484375 0.5890625 0.490625 0.5859375 0.4953125 0.5671875 0.4953125 0.565625 0.49375 0.5671875 0.484375 0.578125 0.4796875
0 0.2828125 0.45 0.2890625 0.453125 0.2875 0.46875 0.28125 0.46875 0.278125 0.465625 0.278125 0.453125 0.28125 0.4515625