1 0.37578125 0.54609375 0.01484375 0.01875
1 0.67109375 0.49921875 0.02734375 0.0296875
1 0.5109375 0.58515625 0.0203125 0.02421875
1 0.4828125 0.54140625 0.0171875 0.01953125
1 0.28671875 0.60234375 0.02734375 0.0265625
1 0.58046875 0.54765625 0.0125 0.01796875
1 0.4671875 0.6015625 0.0125 0.01484375
1 0.30703125 0.45234375 0.0140625 0.01953125
1 0.2484375 0.55625 0.015625 0.021875
1 0.40390625 0.4921875 0.0171875 0.01875
1 0.08125 0.5390625 0.0140625 0.01953125
1 0.38515625 0.44140625 0.01484375 0.01953125
1 0.465625 0.45625 0.02578125 0.0203125
1 0.29140625 0.5765625 0.0171875 0.02421875
1 0.23671875 0.65 0.021875 0.0203125
1 0.17421875 0.65390625 0.0140625 0.0171875
1 0.634375 0.5984375 0.02265625 0.02265625
1 0.19609375 0.6375 0.0109375 0.0109375
1 0.8203125 0.48046875 0.0234375 0.01796875
1 0.13984375 0.6671875 0.01484375 0.01875
1 0.30390625 0.54375 0.015625 0.01796875
1 0.2921875 0.66953125 0.04296875 0.02109375
1 0.35234375 0.5890625 0.009375 0.015625
1 0.559375 0.55703125 0.01015625 0.0109375
1 0.33515625 0.6203125 0.009375 0.0125
1 0.5640625 0.56875 0.059375 0.0609375
1 0.19921875 0.559375 0.01171875 0.015625
1 0.8421875 0.43203125 0.0296875 0.0375
1 0.146875 0.5765625 0.0140625 0.02734375
1 0.7765625 0.48359375 0.01171875 0.0125
1 0.33828125 0.62578125 0.02890625 0.03984375
1 0.225 0.5390625 0.0140625 0.02109375
1 0.6703125 0.54375 0.01015625 0.0109375
1 0.71875 0.49375 0.01796875 0.015625
1 0.715625 0.48203125 0.028125 0.01875
1 0.92890625 0.42421875 0.0640625 0.04296875
1 0.1875 0.54609375 0.0109375 0.01484375
1 0.809375 0.44921875 0.02421875 0.0265625
1 0.06796875 0.65546875 0.01015625 0.01171875
1 0.31015625 0.46953125 0.0171875 0.02421875
1 0.3875 0.6234375 0.034375 0.03359375
1 0.53203125 0.6234375 0.00859375 0.0125
1 0.1078125 0.603125 0.01328125 0.01640625
1 0.45703125 0.47734375 0.0078125 0.0125
1 0.9796875 0.41328125 0.040625 0.0453125
1 0.08828125 0.4859375 0.01640625 0.02578125
1 0.075 0.58984375 0.053125 0.01875
1 0.6203125 0.48984375 0.03984375 0.028125
1 0.178125 0.69140625 0.03046875 0.01796875
1 0.51796875 0.565625 0.03046875 0.0140625
1 0.35234375 0.45859375 0.00859375 0.01015625
1 0.41875 0.6421875 0.03671875 0.01796875
1 0.48359375 0.46171875 0.03046875 0.02421875
1 0.7390625 0.52734375 0.0078125 0.009375
1 0.2125 0.675 0.0078125 0.01328125
1 0.3375 0.4765625 0.01171875 0.0171875
1 0.3484375 0.6609375 0.01796875 0.015625
1 0.27421875 0.43359375 0.04453125 0.0171875
1 0.33046875 0.5046875 0.0125 0.02109375
1 0.87421875 0.4203125 0.03828125 0.0265625
1 0.01171875 0.596875 0.01328125 0.01640625
1 0.1171875 0.55 0.03203125 0.0453125
1 0.07890625 0.6265625 0.01015625 0.015625
1 0.5 0.49765625 0.03515625 0.0375
1 0.8953125 0.47109375 0.02578125 0.0140625
1 0.9203125 0.47109375 0.01328125 0.0125
1 0.45625 0.63203125 0.03671875 0.0296875
1 0.165625 0.4515625 0.01484375 0.01796875
1 0.30859375 0.4328125 0.0171875 0.01796875
1 0.85546875 0.496875 0.015625 0.01328125