0 0.25625 0.315625 0.259375 0.3203125 0.259375 0.3296875 0.25625 0.334375 0.253125 0.334375 0.25 0.3296875 0.25 0.3203125 0.2546875 0.315625
0 0.996875 0.6625 0.99375 0.6546875 0.996875 0.646875 0.9984375 0.646875 0.9984375 0.6625
0 0.0421875 0.6640625 0.046875 0.6625 0.05 0.6671875 0.0453125 0.675 0.040625 0.6703125 0.0421875 0.665625
0 0.4734375 0.684375 0.48125 0.6890625 0.484375 0.7 0.49375 0.715625 0.49375 0.721875 0.478125 0.7234375 0.4625 0.71875 0.459375 0.7125 0.459375 0.696875 0.465625 0.6875 0.471875 0.6859375
0 0.9375 0.64375 0.9421875 0.646875 0.9453125 0.653125 0.94375 0.6640625 0.9375 0.6671875 0.93125 0.6640625 0.9296875 0.6578125 0.93125 0.646875 0.9359375 0.64375
0 0.6921875 0.4171875 0.69375 0.4234375 0.6921875 0.428125 0.6890625 0.4296875 0.675 0.4296875 0.6703125 0.421875 0.671875 0.4171875 0.6765625 0.4140625 0.6875 0.4140625 0.690625 0.4171875
0 0.221875 0.546875 0.225 0.55 0.225 0.55625 0.221875 0.5609375 0.215625 0.5625 0.203125 0.559375 0.2015625 0.5484375 0.2046875 0.5453125 0.2203125 0.546875
0 0.74375 0.5 0.74375 0.5109375 0.740625 0.5140625 0.734375 0.5125 0.7328125 0.503125 0.7359375 0.4984375 0.7421875 0.5
0 0.975 0.6921875 0.9796875 0.6921875 0.98125 0.696875 0.98125 0.70625 0.9765625 0.7109375 0.9734375 0.7078125 0.975 0.69375
0 0.396875 0.503125 0.00625 0.0125
0 0.24765625 0.71640625 0.0109375 0.0078125
0 0.4953125 0.59375 0.503125 0.6015625 0.5046875 0.609375 0.5015625 0.6140625 0.4828125 0.6125 0.4765625 0.609375 0.4765625 0.596875 0.4796875 0.59375 0.49375 0.59375
0 0.3265625 0.6984375 0.3375 0.70625 0.3390625 0.709375 0.3375 0.715625 0.3234375 0.715625 0.3109375 0.709375 0.3109375 0.7046875 0.3140625 0.7 0.325 0.6984375
0 0.421875 0.4796875 0.43125 0.484375 0.4328125 0.4875 0.43125 0.4953125 0.4125 0.4953125 0.4109375 0.49375 0.409375 0.490625 0.4109375 0.484375 0.4203125 0.4796875
0 0.715625 0.45 0.7203125 0.453125 0.7203125 0.465625 0.7171875 0.46875 0.7109375 0.46875 0.709375 0.465625 0.709375 0.453125 0.7140625 0.4515625