0 0.8828125 0.3734375 0.8828125 0.3796875 0.8796875 0.3828125 0.8703125 0.3828125 0.86875 0.375 0.871875 0.371875 0.88125 0.3734375
0 0.609375 0.475 0.6125 0.478125 0.6125 0.4828125 0.6109375 0.484375 0.60625 0.4828125 0.60625 0.4765625 0.6078125 0.4765625
0 0.559375 0.5515625 0.5625 0.55625 0.5625 0.565625 0.559375 0.56875 0.546875 0.5671875 0.546875 0.5546875 0.55 0.5515625 0.5578125 0.5515625
0 0.16640625 0.6046875 0.0140625 0.015625
0 0.4453125 0.4046875 0.446875 0.4125 0.44375 0.415625 0.4375 0.415625 0.4328125 0.4125 0.4328125 0.4078125 0.4359375 0.4046875 0.44375 0.4046875
0 0.25 0.58125 0.2515625 0.5921875 0.246875 0.5953125 0.240625 0.5921875 0.240625 0.584375 0.24375 0.58125 0.2484375 0.58125
0 0.0984375 0.4203125 0.1 0.421875 0.0984375 0.434375 0.09375 0.4328125 0.09375 0.421875 0.096875 0.4203125
0 0.9734375 0.55546875 0.0125 0.0171875
0 0.940625 0.53125 0.9453125 0.53125 0.946875 0.534375 0.946875 0.55 0.9453125 0.553125 0.9421875 0.553125 0.940625 0.5328125
0 0.6578125 0.6484375 0.6609375 0.6546875 0.6609375 0.6609375 0.65625 0.6625 0.6421875 0.6609375 0.646875 0.6484375 0.65 0.646875 0.65625 0.6484375
0 0.4171875 0.446875 0.415625 0.4421875 0.4171875 0.4328125 0.4234375 0.434375 0.4234375 0.4453125 0.41875 0.446875
0 0.259375 0.621875 0.265625 0.621875 0.2640625 0.634375 0.2609375 0.634375 0.259375 0.6234375
0 0.7125 0.521875 0.7171875 0.5203125 0.725 0.521875 0.725 0.5296875 0.7203125 0.5328125 0.7125 0.5296875 0.7125 0.5234375
0 0.103125 0.621875 0.109375 0.628125 0.109375 0.634375 0.1046875 0.6390625 0.096875 0.6390625 0.0921875 0.634375 0.09375 0.625 0.1015625 0.621875
0 0.0890625 0.6859375 0.0984375 0.6890625 0.103125 0.6953125 0.1015625 0.7 0.0953125 0.7015625 0.08125 0.7015625 0.071875 0.696875 0.071875 0.6921875 0.075 0.6890625 0.0875 0.6859375
0 0.5671875 0.63125 0.571875 0.640625 0.571875 0.65625 0.56875 0.6625 0.5578125 0.665625 0.553125 0.665625 0.55 0.6609375 0.55625 0.646875 0.559375 0.6328125 0.565625 0.63125
0 0.3671875 0.6765625 0.375 0.675 0.378125 0.678125 0.378125 0.684375 0.3734375 0.6875 0.36875 0.6875 0.365625 0.684375 0.3671875 0.678125
0 0.5953125 0.4625 0.6015625 0.4671875 0.6015625 0.4734375 0.5953125 0.4765625 0.5875 0.471875 0.5890625 0.465625 0.59375 0.4625
0 0.2109375 0.678125 0.215625 0.678125 0.21875 0.68125 0.21875 0.69375 0.2171875 0.696875 0.2125 0.696875 0.209375 0.6921875 0.2109375 0.6796875
0 0.2890625 0.58125 0.2921875 0.5859375 0.2890625 0.596875 0.284375 0.596875 0.28125 0.590625 0.2828125 0.584375 0.2875 0.58125