0 0.528125 0.5125 0.53125 0.5171875 0.53125 0.528125 0.5265625 0.5328125 0.5171875 0.528125 0.51875 0.5125 0.5203125 0.5109375 0.5265625 0.5125
0 0.4984375 0.5828125 0.503125 0.5875 0.5 0.5953125 0.49375 0.5953125 0.490625 0.5921875 0.4921875 0.5859375 0.496875 0.5828125
0 0.0578125 0.4625 0.0625 0.465625 0.0625 0.475 0.0578125 0.478125 0.053125 0.4765625 0.05 0.471875 0.0515625 0.465625 0.05625 0.4625
0 0.434375 0.59140625 0.009375 0.0109375
0 0.15 0.0203125 0.159375 0.0359375 0.159375 0.04375 0.1546875 0.040625 0.1484375 0.028125 0.1484375 0.021875
0 0.809375 0.6921875 0.8140625 0.690625 0.8171875 0.69375 0.8171875 0.7046875 0.8140625 0.7078125 0.809375 0.7046875 0.8078125 0.6984375 0.809375 0.69375
0 0.7125 0.621875 0.715625 0.625 0.715625 0.6328125 0.7125 0.6359375 0.70625 0.6328125 0.70625 0.625 0.7109375 0.621875
0 0.7046875 0.4359375 0.709375 0.4375 0.715625 0.446875 0.7140625 0.475 0.7109375 0.4828125 0.70625 0.4859375 0.6890625 0.484375 0.684375 0.48125 0.68125 0.4734375 0.68125 0.4609375 0.6875 0.4390625 0.69375 0.434375 0.703125 0.4359375
0 0.9265625 0.60625 0.928125 0.6171875 0.9234375 0.621875 0.91875 0.621875 0.9140625 0.61875 0.9125 0.609375 0.91875 0.6046875 0.925 0.60625
0 0.4859375 0.634375 0.490625 0.6359375 0.4890625 0.6453125 0.4859375 0.6453125 0.4859375 0.6359375
0 0.415625 0.67734375 0.025 0.0171875
0 0.5609375 0.7109375 0.5703125 0.715625 0.56875 0.7203125 0.5546875 0.721875 0.553125 0.7140625 0.559375 0.7125
0 0.53125 0.64375 0.5390625 0.65 0.540625 0.6546875 0.540625 0.6640625 0.5328125 0.66875 0.515625 0.6671875 0.5109375 0.6609375 0.5125 0.65 0.51875 0.64375 0.5296875 0.64375
0 0.3515625 0.7140625 0.353125 0.71875 0.35 0.7234375 0.3453125 0.721875 0.3453125 0.715625 0.35 0.7140625