0 0.7375 0.8125 0.7421875 0.81875 0.740625 0.834375 0.7328125 0.834375 0.73125 0.83125 0.73125 0.8171875 0.7359375 0.8125
0 0.1203125 0.4890625 0.1234375 0.490625 0.128125 0.5 0.128125 0.515625 0.1265625 0.51875 0.1203125 0.521875 0.1125 0.5203125 0.109375 0.5109375 0.1109375 0.496875 0.11875 0.4890625
0 0.809375 0.625 0.8140625 0.6265625 0.815625 0.634375 0.8140625 0.6484375 0.8125 0.65 0.8078125 0.6484375 0.80625 0.634375 0.809375 0.6265625
0 0.1546875 0.68125 0.1578125 0.6890625 0.1578125 0.7015625 0.15625 0.70625 0.15 0.709375 0.1453125 0.709375 0.140625 0.70625 0.1375 0.696875 0.1375 0.684375 0.140625 0.6796875 0.153125 0.68125
0 0.9984375 0.7734375 0.9984375 0.8015625 0.9921875 0.796875 0.9890625 0.7890625 0.9890625 0.78125 0.996875 0.7734375
0 0.1671875 0.3046875 0.1703125 0.3078125 0.1703125 0.31875 0.1671875 0.3203125 0.1625 0.315625 0.1625 0.309375 0.165625 0.30625
0 0.696875 0.534375 0.6984375 0.5515625 0.6953125 0.55625 0.690625 0.5546875 0.6890625 0.5515625 0.6890625 0.5359375 0.6953125 0.534375
0 0.775 0.4109375 0.7796875 0.421875 0.7796875 0.434375 0.7765625 0.44375 0.771875 0.446875 0.7640625 0.4453125 0.7609375 0.4390625 0.759375 0.4265625 0.7625 0.4140625 0.7671875 0.409375 0.7734375 0.4109375
0 0.9796875 0.896875 0.9859375 0.903125 0.9859375 0.915625 0.9828125 0.928125 0.9765625 0.9328125 0.9734375 0.928125 0.9734375 0.9015625 0.978125 0.896875
0 0.5828125 0.428125 0.5921875 0.4265625 0.6015625 0.43125 0.6046875 0.4390625 0.6046875 0.4484375 0.6 0.459375 0.5953125 0.4625 0.590625 0.4625 0.5859375 0.459375 0.5796875 0.44375 0.5796875 0.4359375 0.5828125 0.4296875
0 0.15 0.4203125 0.1484375 0.409375 0.1515625 0.403125 0.1578125 0.4046875 0.1578125 0.41875 0.1546875 0.421875 0.1515625 0.4203125