1 0.640625 0.74375 0.01953125 0.01953125
1 0.096875 0.559375 0.02890625 0.025
1 0.84296875 0.63828125 0.02421875 0.0171875
1 0.71328125 0.67265625 0.03671875 0.02109375
1 0.30390625 0.684375 0.04765625 0.0265625
1 0.640625 0.48828125 0.04453125 0.0265625
1 0.8890625 0.68125 0.0203125 0.01953125
1 0.86015625 0.34765625 0.02890625 0.028125
1 0.50859375 0.38125 0.04921875 0.0296875
1 0.32109375 0.4640625 0.03359375 0.02421875
1 0.3640625 0.36953125 0.0734375 0.03203125
1 0.69296875 0.63984375 0.025 0.01953125
1 0.109375 0.64921875 0.04609375 0.02734375
1 0.2921875 0.81953125 0.06015625 0.034375
1 0.42734375 0.18359375 0.025 0.01875
1 0.0390625 0.5296875 0.02109375 0.0203125
1 0.4671875 0.496875 0.1046875 0.04453125
1 0.071875 0.83984375 0.0375 0.02265625
1 0.446875 0.44921875 0.0578125 0.034375
1 0.559375 0.67109375 0.02109375 0.01953125
1 0.509375 0.73515625 0.01796875 0.01640625
1 0.9421875 0.7796875 0.015625 0.01484375
1 0.60625 0.3609375 0.01875 0.01484375
1 0.19921875 0.40703125 0.0296875 0.021875
1 0.14609375 0.31484375 0.0609375 0.03046875
1 0.5421875 0.6140625 0.0203125 0.01640625
1 0.10859375 0.38359375 0.05625 0.028125
1 0.5109375 0.2625 0.109375 0.04140625
1 0.2140625 0.81875 0.02265625 0.01953125
1 0.2734375 0.6515625 0.01875 0.01953125
1 0.21171875 0.5921875 0.02109375 0.01796875
1 0.55078125 0.35 0.02578125 0.01875
1 0.690625 0.5828125 0.0375 0.02109375
1 0.428125 0.67890625 0.01875 0.01484375
1 0.5875 0.29375 0.0359375 0.0203125
1 0.70234375 0.70078125 0.02734375 0.0203125
1 0.5375 0.45390625 0.025 0.01484375
1 0.9046875 0.55546875 0.1046875 0.04375
1 0.89765625 0.7921875 0.0125 0.015625
1 0.36171875 0.284375 0.12265625 0.0578125
1 0.74609375 0.36953125 0.0375 0.0203125
1 0.2 0.3046875 0.05390625 0.02890625
1 0.090625 0.53359375 0.0265625 0.01484375
1 0.1625 0.509375 0.0546875 0.0234375
1 0.77265625 0.534375 0.0859375 0.03984375
1 0.9234375 0.49140625 0.02109375 0.0171875
1 0.67109375 0.29375 0.0265625 0.0203125
1 0.6703125 0.38671875 0.015625 0.01328125
1 0.62421875 0.53515625 0.0328125 0.01875
1 0.33671875 0.45703125 0.071875 0.04375
1 0.79453125 0.7328125 0.07578125 0.02421875
1 0.1734375 0.6015625 0.015625 0.0171875
1 0.49609375 0.821875 0.01796875 0.02109375
1 0.25703125 0.55859375 0.03125 0.0140625
1 0.828125 0.8078125 0.01484375 0.021875
1 0.303125 0.2125 0.025 0.0234375
1 0.86015625 0.765625 0.03828125 0.01875
1 0.0375 0.42265625 0.05703125 0.040625
1 0.26171875 0.26875 0.028125 0.0234375
1 0.35546875 0.65234375 0.0140625 0.0171875
1 0.07109375 0.18828125 0.06171875 0.04609375
1 0.584375 0.81875 0.0671875 0.02265625