0 0.2640625 0.8125 0.2671875 0.8171875 0.265625 0.834375 0.2578125 0.834375 0.25625 0.8296875 0.25625 0.81875 0.2625 0.8125
0 0.88125 0.4890625 0.8859375 0.49375 0.8890625 0.503125 0.8875 0.5171875 0.8828125 0.521875 0.878125 0.521875 0.871875 0.51875 0.8703125 0.515625 0.871875 0.4953125 0.875 0.490625 0.8796875 0.4890625
0 0.184375 0.6265625 0.1890625 0.625 0.1921875 0.634375 0.1921875 0.6453125 0.190625 0.6484375 0.1859375 0.65 0.1828125 0.6453125 0.184375 0.628125
0 0.84375 0.68125 0.8578125 0.6796875 0.8609375 0.684375 0.859375 0.703125 0.85625 0.7078125 0.8484375 0.709375 0.84375 0.7078125 0.840625 0.7015625 0.840625 0.6890625 0.84375 0.6828125
0 0 0.7734375 0.003125 0.7734375 0.009375 0.78125 0.0078125 0.79375 0 0.8015625 0 0.775
0 0.83125 0.3046875 0.8359375 0.309375 0.834375 0.31875 0.83125 0.3203125 0.828125 0.31875 0.8296875 0.30625
0 0.3015625 0.534375 0.309375 0.5359375 0.309375 0.5515625 0.3046875 0.55625 0.3 0.5515625 0.3015625 0.5359375
0 0.2296875 0.42890625 0.021875 0.0390625
0 0.021875 0.896875 0.025 0.9015625 0.025 0.928125 0.021875 0.9328125 0.015625 0.928125 0.0125 0.915625 0.0125 0.903125 0.015625 0.8984375 0.0203125 0.896875
0 0.396875 0.43125 0.40625 0.4265625 0.4109375 0.4265625 0.415625 0.428125 0.41875 0.4359375 0.4171875 0.45 0.4125 0.459375 0.4078125 0.4625 0.403125 0.4625 0.3984375 0.459375 0.39375 0.4484375 0.39375 0.4390625 0.396875 0.4328125
0 0.84609375 0.41328125 0.0109375 0.0203125