1 0.9625 0.8578125 0.02109375 0.04609375
1 0.94453125 0.18046875 0.0109375 0.015625
1 0.890625 0.209375 0.01796875 0.0296875
1 0.7953125 0.6453125 0.3875 0.215625
1 0.71171875 0.4203125 0.5109375 0.2875
1 0.49140625 0.03515625 0.2859375 0.0703125
1 0.99140625 0.12265625 0.0171875 0.0984375
1 0.05078125 0.0421875 0.06875 0.07109375
1 0.8578125 0.5171875 0.265625 0.1203125
1 0.02421875 0.25703125 0.0453125 0.05546875
1 0.59921875 0.346875 0.30234375 0.14296875
1 0.55390625 0.0390625 0.1359375 0.06875
1 0.12578125 0.06484375 0.04453125 0.05546875
1 0.6328125 0.06015625 0.128125 0.07578125
1 0.0078125 0.9515625 0.01484375 0.0390625
1 0.8859375 0.41484375 0.09765625 0.059375
1 0.9125 0.28828125 0.04453125 0.0328125
1 0.0265625 0.95703125 0.04453125 0.04453125
1 0.80390625 0.42109375 0.1609375 0.1140625
1 0.90703125 0.821875 0.1828125 0.1890625
1 0.67890625 0.09375 0.02578125 0.02890625
1 0.48203125 0.01953125 0.02890625 0.0359375
1 0.89296875 0.64375 0.06953125 0.2046875
1 0.44296875 0.0171875 0.0953125 0.034375
1 0.6625 0.034375 0.090625 0.0625
1 0.94609375 0.540625 0.0921875 0.06953125
1 0.97109375 0.70625 0.04296875 0.0390625